8
4
NEW
8
010010
010011
010100
010101
010110
010111
011000
011001
011010
011011
011100
011101
011110
011111
100000
100001
100010
100011
100100
100101
100110
100111
101000
101001
101010
101011
101100
101101
101110
101111
110000
110001
110010
110011
110100
110101
110110
110111
111000
111001
111010
111011
111100
111101
111110
111111
NEW
16
1101001
1101010
1101011
1101100
1101101
1101110
1101111
1110000
1110001
1110010
1110011
1110100
1110101
1110110
1110111
1111000
1111001
1111010
1111011
1111100
1111101
1111110
1111111
NEW
64
010101100
010101101
010101110
010101111
010110000
010110001
010110010
010110011
010110100
010110101
010110110
010110111
010111000
010111001
010111010
010111011
010111100
010111101
010111110
010111111
011000000
011000001
011000010
